33613.2 86118.3
33101 85529.7
31571.8 85250.5
32070.4 85687.7
33290.4 87198.1
33356.2 86806.9
32105.4 86276.4
32609 86311.1
33884 86644.7
32121.5 87906.1
32876.5 87742.5
34022.3 86045.5
31126.3 85072.4
31277.9 86125.8
34267.6 86208.9
33639 86965.3
33707.1 87241.9
32944 85953.9
34179 85512.2
33129.6 88151.4
31936.8 87053.3
30703 88078.9
32491 87660.8
32481 85562.2
34694.3 88110.3
33114.6 86879.2
33348.7 86238.6
33579.3 86637.5
34026.2 86326.1
33737.9 87252.5
34071.2 85921.4
32052.9 87570.8
31886.3 86115.8
31385.7 86383
31759 85889.1
34230.6 85638
31221 87121.4
34830.4 87485.3
31968.2 88146.7
31141.6 85151.3
31175.7 85360.2
34992 86846.9
33801.5 87116.9
33905.1 86962.5
33882 86524.7
32239.6 85657.7
31511.8 85545.2
34620.9 86165.5
34802.9 86971.7
31023.8 87493.9
34360.7 87995
32434 86654.7
33343.2 85478
31621.5 86701.4
31189.3 85286
33521.8 86778
31837.9 86948.9
30929.9 88027.2
31279.6 86325.5
33755.7 87001.7
34895.6 87571.4
34262.3 86612.8
34163.7 86659.7
31163.8 85635.5
34189.3 86916.9
31417.7 85227.4
34058.7 85808
33776.8 87301.1
31815.2 85843
32299.6 86196.4
33361.2 85715.8
31467.9 85118.8
33716.2 87158.6
30424.9 87879.4
31192.1 85420.8
34738.7 87891.1
31659.6 88234.7
31971.3 87861.4
31341.6 86130.8
31261 85889.9
34952.9 85708.3
30883 87773
33558.7 86973.6
30403.5 88248.5
34556.5 86967.5
33894.5 87700
31519.1 85586
31733.5 87204.7
33194.6 88198.1
33931.2 88020.3
31256.3 86584.7
32126 86656.1
30603.8 87852.5
33647.6 87931.4
32206.3 87013.9
34824 86473.9
32449 88133.6
30493.5 88103.6
34711.2 85945.3
31429.9 87109.1
